%YAML:1.0
---
type: IMU
name: imu
Gyr:
   unit: " rad/s"
   avg-axis:
      gyr_n: 2.1246093542450672e-01
      gyr_w: 9.8254593710355950e-04
   x-axis:
      gyr_n: 2.1186040177448104e-01
      gyr_w: 9.7205107115200121e-04
   y-axis:
      gyr_n: 2.1345478592049774e-01
      gyr_w: 9.5178211626609536e-04
   z-axis:
      gyr_n: 2.1206761857854142e-01
      gyr_w: 1.0238046238925822e-03
Acc:
   unit: " m/s^2"
   avg-axis:
      acc_n: 2.6954952191200460e-01
      acc_w: 3.4637840369062469e-03
   x-axis:
      acc_n: 2.7201494143970562e-01
      acc_w: 3.9177076874172285e-03
   y-axis:
      acc_n: 2.6597422538148940e-01
      acc_w: 3.4939714929174324e-03
   z-axis:
      acc_n: 2.7065939891481872e-01
      acc_w: 2.9796729303840793e-03
